0 1 2606
1 0 2606
1 2 1921
2 1 1921
2 3 1953
3 2 1953
3 4 1479
4 3 1479
4 5 1810
5 4 1810
5 6 1778
6 5 1778
6 7 1313
7 6 1313
7 8 1172
8 7 1172
8 9 1166
9 8 1166
9 10 1291
10 9 1291
10 11 424
11 10 424
11 12 1590
12 11 1590
12 13 1217
13 12 1217
13 14 925
14 13 925
14 15 852
15 14 852
15 16 774
16 15 774
16 17 1230
17 16 1230
17 18 1377
18 17 1377
18 19 790
19 18 790
19 20 1385
20 19 1385
20 21 1673
21 20 1673
21 22 1714
22 21 1714
23 38 909
38 23 909
38 37 960
37 38 960
37 11 1832
11 37 1832
11 36 1234
36 11 1234
36 35 929
35 36 929
35 33 851
33 35 851
33 34 1171
34 33 1171
34 32 1634
32 34 1634
32 31 1023
31 32 1023
31 17 945
17 31 945
17 30 1763
30 17 1763
30 29 1027
29 30 1027
29 28 824
28 29 824
28 27 2228
27 28 2228
27 26 794
26 27 794
26 25 1237
25 26 1237
25 24 1766
24 25 1766
24 23 1899
23 24 1899
39 40 1363
40 39 1363
40 41 1251
41 40 1251
41 42 1672
42 41 1672
42 43 1295
43 42 1295
43 44 887
44 43 887
44 45 900
45 44 900
45 46 1063
46 45 1063
46 47 1051
47 46 1051
47 48 1658
48 47 1658
48 49 1517
49 48 1517
49 23 1441
23 49 1441
23 50 1025
50 23 1025
50 51 1100
51 50 1100
51 52 1100
52 51 1100
52 53 869
53 52 869
53 12 1011
12 53 1011
12 35 815
35 12 815
35 54 1152
54 35 1152
54 55 1200
55 54 1200
55 56 1643
56 55 1643
56 57 1480
57 56 1480
57 58 827
58 57 827
58 59 989
59 58 989
79 78 939
78 79 939
78 77 965
77 78 965
77 76 1544
76 77 1544
76 75 1305
75 76 1305
75 74 1286
74 75 1286
74 73 3000
73 74 3000
73 72 1838
72 73 1838
72 71 1122
71 72 1122
71 70 1025
70 71 1025
70 69 1059
69 70 1059
69 27 1151
27 69 1151
27 68 866
68 27 866
68 67 791
67 68 791
67 66 1016
66 67 1016
66 65 848
65 66 848
65 16 945
16 65 945
16 32 821
32 16 821
32 64 876
64 32 876
64 63 1183
63 64 1183
63 62 1900
62 63 1900
62 61 905
61 62 905
61 60 1670
60 61 1670
80 81 1508
81 80 1508
81 82 1431
82 81 1431
82 83 1166
83 82 1166
83 84 1664
84 83 1664
84 38 887
38 84 887
38 51 1443
51 38 1443
51 85 1321
85 51 1321
85 86 1349
86 85 1349
86 66 1937
66 86 1937
66 30 1399
30 66 1399
30 87 1668
87 30 1668
87 88 845
88 87 845
88 89 1450
89 88 1450
89 90 2036
90 89 2036
90 91 1282
91 90 1282
91 92 3999
92 91 3999
92 93 1238
93 92 1238
93 94 1854
94 93 1854
94 95 1405
95 94 1405
95 96 2115
96 95 2115
96 97 2557
97 96 2557
97 98 3011
98 97 3011
98 99 1599
99 98 1599
99 100 929
100 99 929
100 101 1346
101 100 1346
101 102 1194
102 101 1194
103 104 935
104 103 935
104 105 734
105 104 734
105 106 1874
106 105 1874
106 54 1374
54 106 1374
54 107 885
107 54 885
107 108 1205
108 107 1205
108 109 869
109 108 869
109 64 1016
64 109 1016
64 110 1138
110 64 1138
110 111 1332
111 110 1332
111 161 1241
161 111 1241
161 112 1311
112 161 1311
112 113 781
113 112 781
113 114 865
114 113 865
114 115 903
115 114 903
115 116 1464
116 115 1464
116 117 906
117 116 906
117 118 1679
118 117 1679
118 119 1304
119 118 1304
119 120 1021
120 119 1021
121 122 2318
122 121 2318
122 123 1985
123 122 1985
123 124 2056
124 123 2056
124 125 1114
125 124 1114
125 126 1894
126 125 1894
126 127 1543
127 126 1543
127 128 1041
128 127 1041
128 129 2553
129 128 2553
129 130 2555
130 129 2555
130 131 1016
131 130 1016
131 132 1667
132 131 1667
132 133 900
133 132 900
133 134 1018
134 133 1018
134 135 1274
135 134 1274
135 25 1083
25 135 1083
25 136 1188
136 25 1188
136 86 902
86 136 902
48 83 1096
83 48 1096
83 145 943
145 83 943
145 8 1912
8 145 1912
8 103 1398
103 8 1398
103 144 1170
144 103 1170
144 143 1309
143 144 1309
143 142 1778
142 143 1778
142 141 1325
141 142 1325
141 140 1585
140 141 1585
140 139 980
139 140 980
139 138 788
138 139 788
138 137 1347
137 138 1347
146 147 1110
147 146 1110
147 45 950
45 147 950
45 148 975
148 45 975
148 149 1058
149 148 1058
149 150 1101
150 149 1101
150 151 1330
151 150 1330
151 152 973
152 151 973
152 133 1100
133 152 1100
133 153 1020
153 133 1020
153 71 982
71 153 982
71 154 1712
154 71 1712
154 155 1003
155 154 1003
155 156 1759
156 155 1759
156 157 1506
157 156 1506
157 158 914
158 157 914
158 159 853
159 158 853
159 88 1149
88 159 1149
88 160 734
160 88 734
160 19 835
19 160 835
19 161 1759
161 19 1759
161 162 1006
162 161 1006
162 163 1021
163 162 1021
163 164 1097
164 163 1097
164 165 1804
165 164 1804
165 166 1058
166 165 1058
166 60 1677
60 166 1677
60 167 1269
167 60 1269
167 168 1244
168 167 1244
168 169 1130
169 168 1130
169 58 1254
58 169 1254
58 170 1688
170 58 1688
170 171 1547
171 170 1547
171 172 1143
172 171 1143
172 173 1717
173 172 1717
173 174 954
174 173 954
174 175 749
175 174 749
175 143 1584
143 175 1584
143 176 2392
176 143 2392
176 7 1016
7 176 1016
7 177 2386
177 7 2386
177 81 1214
81 177 1214
81 178 1590
178 81 1590
178 179 1205
179 178 1205
179 180 961
180 179 961
180 146 1495
146 180 1495
23 181 2839
181 23 2839
181 149 1206
149 181 1206
149 182 1829
182 149 1829
182 183 4866
183 182 4866
183 184 2538
184 183 2538
184 185 3623
185 184 3623
185 186 1423
186 185 1423
186 125 2110
125 186 2110
125 76 4785
76 125 4785
76 187 2272
187 76 2272
187 188 6720
188 187 6720
188 154 2152
154 188 2152
154 189 1110
189 154 1110
189 190 1135
190 189 1135
190 28 1769
28 190 1769
191 192 1345
192 191 1345
192 193 4073
193 192 4073
193 194 1236
194 193 1236
194 195 2044
195 194 2044
195 142 1579
142 195 1579
142 175 845
175 142 845
56 197 887
197 56 887
197 198 1063
198 197 1063
198 199 1119
199 198 1119
199 62 1025
62 199 1025
62 200 1486
200 62 1486
200 164 1618
164 200 1618
164 201 2423
201 164 2423
201 202 1128
202 201 1128
202 112 897
112 202 897
112 20 1780
20 112 1780
20 89 1602
89 20 1602
89 203 1085
203 89 1085
203 204 1221
204 203 1221
204 205 2173
205 204 2173
205 208 1600
208 205 1600
208 209 1171
209 208 1171
209 210 676
210 209 676
210 206 1168
206 210 1168
206 207 903
207 206 903
207 211 1283
211 207 1283
211 212 1100
212 211 1100
212 196 1364
196 212 1364
228 227 1144
227 228 1144
227 226 1337
226 227 1337
226 131 1999
131 226 1999
131 225 1368
225 131 1368
225 73 938
73 225 938
73 224 1087
224 73 1087
224 188 2071
188 224 2071
188 207 1758
207 188 1758
207 223 1652
223 207 1652
223 222 2295
222 223 2295
222 221 2008
221 222 2008
221 220 3309
220 221 3309
220 219 3386
219 220 3386
219 218 1615
218 219 1615
218 217 3354
217 218 3354
217 216 4576
216 217 4576
216 215 2712
215 216 2712
215 214 1331
214 215 1331
214 213 2441
213 214 2441
21 22 1715
22 21 1715
22 229 1375
229 22 1375
229 230 2002
230 229 2002
230 231 1894
231 230 1894
231 232 1912
232 231 1912
232 233 1763
233 232 1763
233 234 1700
234 233 1700
234 235 1465
235 234 1465
235 236 990
236 235 990
236 237 1225
237 236 1225
237 238 1257
238 237 1257
238 239 776
239 238 776
240 241 1213
241 240 1213
241 242 3508
242 241 3508
242 243 2433
243 242 2433
243 244 1683
244 243 1683
244 245 1958
245 244 1958
245 246 5357
246 245 5357
246 247 1964
247 246 1964
247 248 2025
248 247 2025
248 121 3799
121 248 3799
121 249 2367
249 121 2367
249 184 5440
184 249 5440
60 250 2631
250 60 2631
250 251 1275
251 250 1275
251 252 2366
252 251 2366
252 253 1982
253 252 1982
253 254 993
254 253 993
254 255 1728
255 254 1728
255 256 1090
256 255 1090
256 257 1355
257 256 1355
257 258 2337
258 257 2337
258 259 2301
259 258 2301
259 260 2055
260 259 2055
260 261 1281
261 260 1281
59 274 2798
274 59 2798
274 275 5102
275 274 5102
275 276 1810
276 275 1810
276 277 1128
277 276 1128
277 278 1096
278 277 1096
278 279 1200
279 278 1200
279 280 1214
280 279 1214
280 281 987
281 280 987
281 282 2035
282 281 2035
282 283 2918
283 282 2918
283 284 1811
284 283 1811
137 262 1405
262 137 1405
262 263 6466
263 262 6466
263 264 4041
264 263 4041
264 265 2150
265 264 2150
265 266 1474
266 265 1474
266 267 2003
267 266 2003
267 268 1188
268 267 1188
268 269 1738
269 268 1738
269 270 1332
270 269 1332
270 271 1330
271 270 1330
28 156 2999
156 28 2999
156 272 18329
272 273 7239
273 156 20619
